NAME	= pendiente
DESCRIPTION	= 
UNIT	= Degree
DATAFORMAT	= FLOAT
DATAFILE_OFFSET	= 0
BYTEORDER_BIG	= FALSE
TOPTOBOTTOM	= FALSE
POSITION_XMIN	= 319600.6036999999778345
POSITION_YMIN	= 8597630.9235999993979931
CELLCOUNT_X	= 2604
CELLCOUNT_Y	= 2965
CELLSIZE	= 30.0000000000000000
Z_FACTOR	= 1.000000
Z_OFFSET	= 0.000000
NODATA_VALUE	= -99999.000000;-99999.000000
